2.771424000000050395e-04
2.500254000000004268e-04
2.330673140000030514e-04
2.264405379999963666e-04
2.162988480000015395e-04
2.135590080000031321e-04
2.134891679999990867e-04
2.154655400000022041e-04
2.127390499999989707e-04
2.162063500000041950e-04
2.211454700000021990e-04
2.215866700000032206e-04
2.265137899999984607e-04
2.294445599999944902e-04
2.315568499999977998e-04
2.403255800000090399e-04
2.391384000000023994e-04
2.456764400000036735e-04
2.532769399999994209e-04
2.558219000000060421e-04
2.592674799999955169e-04
2.670979399999971055e-04
2.702474999999990215e-04
2.738733500000014188e-04
2.814887099999994796e-04
2.870157200000004322e-04
2.919758299999995928e-04
2.980223099999988702e-04
3.054826799999962937e-04
3.089658599999994034e-04
3.130358200000023889e-04
3.235053399999972593e-04
3.269849000000046423e-04
3.312115499999974608e-04
3.381123900000012109e-04
3.444927499999973363e-04
3.485952400000012557e-04
3.562546399999994701e-04
3.639086200000029702e-04
3.691615800000010010e-04
3.683780900000041829e-04
3.831930700000039914e-04
3.900801100000011925e-04
3.967781300000051471e-04
4.027346200000034011e-04
4.072256399999922842e-04
4.123331999999957018e-04
4.243885800000044483e-04
4.280555200000082158e-04
4.354980599999922625e-04
4.430528400000023214e-04
4.495244699999965238e-04
4.539627300000115859e-04
4.657651499999984623e-04
4.748841000000068261e-04
4.761503999999970463e-04
4.855234000000057944e-04
4.941356399999940118e-04
5.010072300000007438e-04
5.084108399999985334e-04
5.192637100000001499e-04
5.267313800000020686e-04
5.313891100000011367e-04
5.450961599999963386e-04
5.530045800000075009e-04
5.597054300000063815e-04
5.633026600000090806e-04
5.765443100000045224e-04
5.863455999999988471e-04
5.944068300000052629e-04
6.018656699999967111e-04
6.055765500000023869e-04
6.186020099999939943e-04
6.281860900000056907e-04
6.402701799999964286e-04
6.413043200000025004e-04
6.548259699999977972e-04
6.635916699999981324e-04
6.718625900000055155e-04
6.829688600000073488e-04
6.903778500000146492e-04
7.021007999999977689e-04
7.044816299999941958e-04
7.189035599999936540e-04
7.231586299999919571e-04
7.337666400000042270e-04
7.445651099999921717e-04
7.572076500000113645e-04
7.621874499999934304e-04
7.760742299999970990e-04
7.822340199999991937e-04
7.950428999999996924e-04
7.973621700000132258e-04
8.085724400000099746e-04
8.207843899999991673e-04
8.290661200000023871e-04
8.380629999999997855e-04
8.467550500000016770e-04
8.544450500000053388e-04
8.654056899999868066e-04
8.759840099999968233e-04
8.852772199999990816e-04
8.942910700000117211e-04
9.034832899999959777e-04
9.055633999999977138e-04
9.253518800000054122e-04
9.248827799999919221e-04
9.372521199999993757e-04
9.435482800000009407e-04
9.597241300000096875e-04
9.549042300000044111e-04
9.721928300000027331e-04
9.797244399999979845e-04
9.893549100000033174e-04
1.000322340000002865e-03
1.000014659999998471e-03
1.012242999999993188e-03
1.015955609999998023e-03
1.024156770000008874e-03
1.033354000000011493e-03
1.049063819999998494e-03
1.050821599999989106e-03
1.050487360000026222e-03
1.067596759999996613e-03
1.065874520000004936e-03
1.082400269999996608e-03
1.076245340000000572e-03
1.091641930000009910e-03
1.093745150000003654e-03
1.096345460000016031e-03
1.108569930000004528e-03
1.106751249999998786e-03
1.121364179999987916e-03
1.119152399999997312e-03
1.124071129999996803e-03
1.131987850000004724e-03
1.134842209999994663e-03
1.132992800000011966e-03
1.142550770000000599e-03
1.145525589999999263e-03
1.144767480000005765e-03
1.142628560000017845e-03
1.147370379999992614e-03
1.155294279999996565e-03
1.147192809999983106e-03
1.149805909999995117e-03
1.153738660000001122e-03
1.152620679999998400e-03
1.150006400000022112e-03
1.150696290000010648e-03
1.147188689999996750e-03
1.142174969999998433e-03
1.143573829999995758e-03
1.141358639999983868e-03
1.134195970000022530e-03
1.120594740000004129e-03
1.117725690000012173e-03
1.117468390000014421e-03
1.101369959999991439e-03
1.095956470000007807e-03
1.085955449999980197e-03
1.074017829999986736e-03
1.045794959999999264e-03
1.039242210000008385e-03
1.032228370000000308e-03
9.942957700000078398e-04
9.754888000000019486e-04
9.435609900000027379e-04
9.202977299999967999e-04
8.795993700000047074e-04
8.425583599999917099e-04
8.048661599999992538e-04
7.537043999999850719e-04
7.100896399999964779e-04
6.668223200000033494e-04
6.244423299999845960e-04
5.841091599999920702e-04
5.442159100000026721e-04
5.063571400000118315e-04
4.787000799999969504e-04
4.531100700000040065e-04
4.264308800000020622e-04
3.991414200000026509e-04
3.774674500000006782e-04
3.568533299999995150e-04
3.429835899999976890e-04
3.214397400000010242e-04
3.116700999999951578e-04
2.934247099999953484e-04
2.865320200000027800e-04
2.726364300000009211e-04
2.644082899999995935e-04
2.523715700000026961e-04
2.474709000000020016e-04
2.416496000000009669e-04
2.358489500000032334e-04
2.379948299999957875e-04
2.408119900000008236e-04
2.522949299999983647e-04
2.675082999999959968e-04
